09 09 09 09 09 09 10 12 05 06 06 06 06 06 06 06 06 06 06 06 06 06 06 06 06
09 09 09 09 09 15 18 12 13 06 06 06 06 06 06 06 06 06 06 06 06 06 06 06 06
09 09 09 09 09 10 12 12 13 06 06 06 06 06 06 06 06 06 06 06 06 06 06 06 06
09 09 09 09 09 10 12 12 13 06 06 06 06 06 06 06 06 06 06 06 06 06 06 06 06
09 09 09 09 15 18 12 12 13 06 06 06 06 06 06 06 06 06 06 06 06 06 06 06 06
09 15 17 17 18 12 12 12 13 06 06 06 06 06 06 06 06 06 06 06 06 06 06 06 06
17 18 12 12 12 12 12 12 13 06 06 06 06 06 06 06 06 06 06 06 06 06 06 06 06
20 20 20 20 20 20 20 20 21 06 06 06 06 06 06 06 06 06 06 06 06 06 06 06 06
06 06 06 06 06 06 06 06 06 06 06 06 06 06 06 06 06 06 06 06 06 06 06 06 06
06 06 06 06 06 06 06 06 06 06 06 06 06 06 06 06 06 06 06 06 06 06 06 06 06
06 06 06 06 06 06 06 06 06 06 06 06 06 06 06 06 06 06 06 06 06 06 06 06 06
06 06 06 06 06 06 06 06 06 06 06 06 06 06 06 06 06 06 06 06 06 06 06 06 06
06 06 06 06 06 06 06 06 06 06 06 06 06 06 06 06 06 06 06 06 06 06 06 06 06
06 06 06 06 06 06 06 06 06 06 06 06 06 06 06 06 06 06 06 06 06 06 06 06 06
06 06 06 06 06 06 06 06 06 06 06 06 06 06 06 06 06 06 06 06 06 06 06 06 06