02 01 01 01 01 01 01 01 01 05 -1 -1 -1 -1 -1 -1 -1 -1 -1 -1 -1 -1
00 -1 -1 -1 -1 -1 -1 -1 -1 00 -1 -1 -1 -1 -1 -1 -1 -1 -1 -1 -1 -1
00 -1 -1 -1 -1 -1 -1 -1 -1 00 -1 -1 -1 -1 -1 -1 -1 -1 -1 -1 -1 -1
00 -1 -1 -1 -1 -1 -1 -1 -1 00 -1 -1 -1 -1 -1 -1 -1 -1 -1 -1 -1 -1
00 -1 -1 -1 -1 -1 -1 -1 -1 00 -1 -1 -1 -1 -1 -1 -1 -1 -1 -1 -1 -1
00 -1 -1 -1 -1 -1 -1 -1 -1 00 -1 12 -1 10 -1 10 -1 10 -1 14 -1 -1
00 -1 -1 -1 -1 -1 -1 -1 -1 00 -1 -1 -1 -1 -1 -1 -1 -1 -1 -1 -1 -1
00 -1 -1 -1 -1 -1 -1 -1 -1 00 -1 11 -1 -1 -1 -1 -1 -1 -1 11 -1 -1
06 -1 -1 -1 -1 -1 -1 -1 -1 00 -1 -1 -1 -1 -1 -1 -1 -1 -1 -1 -1 -1
08 -1 -1 -1 -1 -1 -1 -1 -1 00 -1 11 -1 -1 -1 -1 -1 -1 -1 11 -1 -1
08 -1 -1 -1 -1 -1 -1 -1 -1 00 -1 -1 -1 -1 -1 -1 -1 -1 -1 -1 -1 -1
08 -1 -1 -1 -1 -1 -1 -1 -1 00 -1 11 -1 -1 -1 -1 -1 -1 -1 11 -1 -1
08 -1 -1 -1 -1 -1 -1 -1 -1 00 -1 -1 -1 -1 -1 -1 -1 -1 -1 -1 -1 -1
07 -1 -1 -1 -1 -1 -1 -1 -1 00 -1 15 -1 10 -1 10 -1 10 -1 13 -1 -1
00 -1 -1 -1 -1 -1 -1 -1 -1 00 -1 -1 -1 -1 -1 -1 -1 -1 -1 -1 -1 -1
04 01 01 01 01 01 01 01 01 03 -1 -1 -1 -1 -1 -1 -1 -1 -1 -1 -1 -1